sets{1} = [1 2 3 4 5 6 7 8];
sets{2} = [9 10 11 12 13 14 15 16];
labels(1) = 17;
sets{3} = [18 19 20 21 22 23 24 25 26 27 28 29 30 31 32 33 34 35 36 37];
thumbs(1) = 38;
labels(2) = 39;
sets{4} = [40 41 42 43 44 45 46 47 48 49 50 51];
thumbs(2) = 52;
labels(3) = 53;
sets{5} = [54 55 56 57 58 59 60 61 62 63 64 65 66];
thumbs{3} = 67;

